image_width: 1600
image_height: 1200
camera_name: right
distortion_model: pinhole
camera_matrix:
  rows: 3
  cols: 3
  data: [809.28,      0,       773.97,
            0 ,      808.22,       603.83,
            0,           0,            1]
distortion_coefficients:
  rows: 1
  cols: 5
  data: [-0.046931, 0.10844, -0.0397, 0.0013, -0.0035]
rectification_matrix:
  rows: 3
  cols: 3
  data: [ 0.99994,    0.0048885,     -0.01023,
   -0.0048109,      0.99996,    0.0075982,
     0.010267,   -0.0075485,      0.99992]
projection_matrix:
  rows: 3
  cols: 4
  data: [1.0, 0.0, 0.0,-100.055347642293e-3,
         0.0, 1.0, 0.0, 0.716649716002845e-3,
         0.0, 0.0, 1.0, -0.746048955018118e-3]
