image_width: 1600
image_height: 1200
camera_name: right
distortion_model: pinhole
camera_matrix:
  rows: 3
  cols: 3
  data: [801.2670, 0.0, 770.5038,
         0.0, 801.1029, 604.9444,
         0.0, 0.0, 1.0]
distortion_coefficients:
  rows: 1
  cols: 5
  data: [-0.0371, 0.0836, -0.0397, 0.0013, -0.0035]
rectification_matrix:
  rows: 3
  cols: 3
  data: [1.0000, -0.0075, 0.0042,
         0.0075,1.0000,-0.0056,
         -0.0041,0.0057 , 0.9999]
projection_matrix:
  rows: 3
  cols: 4
  data: [8000.0, 0.0, 0.0,-100.1749e-3,
         0.0, 8000.0, 0.0, 0.5053e-3,
         0.0, 0.0, 1.0, 0.7876e-3]
