image_width: 1600
image_height: 1200
camera_name: left
distortion_model: plumb_bob
camera_matrix:
  rows: 3
  cols: 3
  data: [797.0897,    0.6959,  769.9773,
         0,  795.1275,  605.1095,
         0,         0,    1.0000]
distortion_coefficients:
  rows: 1
  cols: 5
  data: [-0.0175,    0.0492, -0.0244, 0.0010,   -0.0049]
rectification_matrix:
  rows: 3
  cols: 3
  data: [ 1.0000,    0.0022,   -0.0077,
   -0.0021,    0.9999,    0.0106,
    0.0077,   -0.0106,    0.9999]
projection_matrix:
  rows: 3
  cols: 4
  data: [1.0, 0.0, 0.0,-101.5949e-3,
         0.0, 1.0, 0.0, -0.9186e-3,
         0.0, 0.0, 1.0, -4.7364e-3]