image_width: 4096
image_height: 3000
camera_name: right
camera_matrix:
  rows: 3
  cols: 3
  data: [8770.0, 0.0, 2086.1, 0.0, 8803.9, 1465.5, 0.0, 0.0, 1.0]
distortion_model: pinhole
distortion_coefficients:
  rows: 1
  cols: 5
  data: [-0.2097, -0.4402, -3.202e-4, -2.5284e-4, 1.3697]
rectification_matrix:
  rows: 3
  cols: 3
  data: [1.0, 0.0, 0.0, 0.0, 1.0, 0.0, 0.0, 0.0, 1.0]
projection_matrix:
  rows: 3
  cols: 4
  data: [8770.0, 0.0, 2086.1, 0.0,  0.0, 8803.9, 1465.5, 0.0, 0.0, 0.0, 0.0, 1.0, 0.0]
